          22          53
   289317696
   707888401
   257334936
   934082530
   158353448
   227938255
   354536500
   394354408
   257290223
   197643766
   158042948
   678809835
   443216646
     7162824
   366953900
   337038897
   461525654
   836485356
   519447433
   726916132
   458141754
   507984103
   669988067
   124506372
   599792164
   670663426
   617132711
   306661216
   265496973
   917553968
   780676573
   516649564
   248895400
   843187433
    55700758
   689982103
   476212021
   205340027
   697951656
    93985925
   228215180
   874875502
   632351088
   113379552
   633496655
   112607561
   466018325
   693765326
   701452031
   471820868
     4412491
   554575837
   502223196
   877165492
    78011993
